2235800
9889516
9099757
7589951
9890399
6968317
9122069
2235861
9812784
9067483
9956943
2240764
9828446
9601075
2239317
6021805
3330319
9341731
5673668
5461382
5952488
8724740
8680863
9977408
5911196
3998484
7847841
8686532
9048270
9278633
9953640
7775936
9144789
7465977
7274509
2239577
8679086
9093143
7632360
7743869
9085736
9154836
8356810
6612599
7593864
8909159
6792061
9905130
9466270
9473798
9658171
7320706
2725158
4017040
7471302
8927741
8845964
8065993
8711138
4276336
5506894
7584087
8760533
7464964
7958627
8053262
8506136
7645618
3243192
5337498
9470463
8738638
9194990
9465984
3434159
2239895
6274968
5867876
8242781
7770238
6951089
9140116
7368503
8605929
9407149
2235837
9358777
7646393
9575799
6695707
6815251
8858227
9882249
9825187
8308655
7855473
9963380
2235741
6897629
8195092
9449146
7693084
5920003
8669166
7681221
9615133
7015984
9167132
9512473
9717633
9949518
8749378
7256406
2239826
2240342
9952427
9462777
2551147
7267841
7565860
7613732
9945973
2238962
9244974
9674235
7999812
9214122
4399291
9585377
5926189
6220258
7416882
3796619
7632939
7552872
7731977
7805414
8531179
9285488
9596068
8877065
9552468
2234400
2892301
7608999
6057675
9017588
9419963
6330668
7035826
7426726
9253738
9213322
9378036
7426956
7194540
5354746
7190648
8732528
8324057
6256272
6318147
8761342
8671885
9847706
7031158
9302926
8995678
9296738
6617458
9577395
9905927
7678019
5551108
7963449
6398776
6775264
7089467
6737473
6315582
7092388
7341272
7428368
8556231
8498519
9649291
9692980
8175827
3801722
6349719
9152928
9245927
8652545
7037183
2237812
6952369
5409949
5236219
8214338
8368838
8698626
8748860
9579322
2236966
5231924
9957035
8113916
8414219
8796749
9785694
3611180
9461549
2237286
8902555
9058575
5628049
9716046
8570920
7566485
9387214
8690364
8941129
9521078
9700783
7677956
8530042
8886286
8912227
2235368
8512375
2508496
6784129
6357666
3774587
9662894
2238861
6491755
3656733
9431290
6682814
9406797
6873718
7391990
7723103
8192615
8460450
9005436
9457108
9846407
8170310
9319478
9757103
2235852
2537325
3518322
3138607
9454821
6203463
6203504
6306014
7460925
7767313
7922673
8855966
8947425
9557169
6996553
8099563
9451744
8289572
9469736
2235634
4051813
2237562
8671071
3906322
9023424
3316931
3828059
3114043
6092406
8165101
5638520
9608862
6112791
9788710
6279194
7730365
8076814
8478406
8676097
9773254
2235916
2237313
6869133
8625885
7395974
4150089
6159807
9196182
9476011
7899726
6283319
8395808
8811325
8381767
5412697
9644292
5984831
9453846
6835774
7812276
9473519
9514573
2234055
4306121
8674621
2239311
9297393
8330905
9638825
9407189
8963353
6703574
3885570
6274112
4149047
8835415
7906159
6373096
7047693
7742965
9343224
9522879
8363129
7584810
2235984
3669567
6430760
7218756
7657824
8416568
8256328
9325020
5484196
2234317
5543101
6531090
6484552
2238152
9194232
6927270
7574842
7036008
7889846
6279262
9957047
9171343
8493908
6535689
7333091
7426297
7355886
7522446
7549807
9346487
8509915
9938798
8524352
9069955
7018874
9213735
6709460
3893534
7733044
8436598
7335443
9512608
5868931
3666940
9891874
8731646
7192018
9874326
6122145
9065192
4384480
7410687
6646310
6864060
7289540
7309992
9409698
7706610
9329738
8387408
8348363
9167813
2235592
2235598
5462242
2343202
6367476
7842999
4046946
8416498
2237959
5354870
2239120
4406008
6505395
9103599
7300986
9053695
5248905
8894000
4245545
5505867
5245804
5277788
5405653
9871436
8309350
8310356
7116272
7116955
7269981
9546950
7784930
7998397
8409596
8492762
8235946
8796225
9103469
9168354
9457055
8635466
9818832
2234374
3518574
7899663
2513363
9280446
6269020
3899160
2238439
2238521
2238669
5696723
8635473
9463041
6312532
5614538
2501258
6908343
6946154
7775293
6521445
6028636
6640485
9058826
7377270
8498220
9341663
8298906
8372573
8971436
2234077
9591674
2235668
2235669
2235725
7889714
7012781
7300247
7095621
9079378
9152104
2238528
6207276
8469913
4434399
5293295
9441962
6759975
9683457
6664982
7007345
7621764
9434299
8387422
6936115
6495412
3406225
2238910
3027856
2240108
8730959
7348943
